   2.0000000e+00  -4.5657933e-01   3.2122632e-01  -1.3037494e+00  -2.1846401e-01  -4.5145470e-01  -1.2226847e-01  -1.3823023e+00   5.6446533e-01  -4.5432484e-01   5.2752881e-01
   1.0000000e+00   7.1936593e-01   6.8316805e-01   4.9487182e-01   4.1659228e-01  -9.2809008e-02   4.3702383e-01   1.0931141e+00   1.1891932e+00   6.3028576e-01  -8.2177841e-01
   2.0000000e+00  -6.6545893e-01  -8.4072000e-01  -1.2759729e-01  -2.9283769e-01   1.1053146e+00   6.8300888e-01   4.1270774e-02   8.3539393e-01  -4.9880063e-01   3.7711693e-01
   2.0000000e+00  -5.8944614e-01   2.8988516e-01   2.9536595e-01  -5.2071424e-01  -1.7043393e+00  -3.7905532e-01  -1.6283465e+00  -7.5459689e-01   1.1854055e+00  -1.3623433e+00
   2.0000000e+00  -1.7175360e-01  -4.3577055e-01  -1.0093672e+00  -1.0234685e+00   1.5490227e-01  -3.4498910e-01  -1.1803708e+00  -1.8345772e+00   2.8113615e-01  -1.2237081e+00
   2.0000000e+00   2.9586693e-01   2.5818482e-01  -2.0737613e+00  -9.1037046e-01  -1.2867344e-01  -1.3140986e-01  -1.3192195e-01  -1.0311699e+00   1.3584614e+00   1.4100249e+00
   2.0000000e+00   9.7214027e-01  -3.5725030e-01   1.2850427e+00  -5.2744339e-01  -4.9524369e-01   1.5938546e-01   5.4844303e-01   9.5663057e-01  -4.7261725e-01   2.9650957e-01
   2.0000000e+00   2.3773120e+00  -1.1688583e+00  -5.0961619e-01  -7.3752991e-01   1.9504608e-01   1.4637318e-01   2.9659319e-01   3.7706162e-01  -1.0171615e+00   7.9057582e-01
   2.0000000e+00  -4.7337467e-01  -9.0560862e-01  -9.4089634e-02   1.1382015e+00   2.2160019e-01   6.9668862e-01   2.6101412e-01  -9.9505025e-02  -2.1086772e+00  -1.1728914e+00
   2.0000000e+00   9.5860343e-01   8.3644642e-01   1.4464016e-01  -8.7316264e-02  -1.3060153e+00  -4.2640718e-01  -1.5744249e-01   6.6420483e-01   1.8042372e-01   7.2057859e-01
   2.0000000e+00   4.2389690e-01  -2.4790739e-01  -4.6276227e-02  -1.2046853e-01  -1.8671946e-01   1.5497158e-01   9.0558974e-01  -1.0639985e+00   6.6821003e-01  -1.0952398e+00
   2.0000000e+00  -9.0265895e-01   3.9527150e-01   1.1295422e+00   3.6006254e-01   1.2684724e+00  -7.3956024e-01  -5.3238967e-01   3.9752973e-01   2.0439663e+00  -1.0214440e+00
   2.0000000e+00  -1.4712329e+00   4.7097423e-01   1.1444596e+00   3.2803039e-01  -8.1302557e-02  -7.6674904e-02   3.6261452e-03   4.9794179e-01   1.4658221e-01   9.4390440e-01
   2.0000000e+00   1.1963382e-01   1.7804303e+00  -1.8718453e+00  -2.0168604e-01   8.1729463e-01  -8.5441168e-01   1.9022194e-01  -4.1825857e-01   9.3587682e-02  -4.8754517e-02
   2.0000000e+00  -9.7253757e-01  -1.0325918e+00  -8.1763577e-01   8.2117801e-01   1.6274685e-01   1.2249377e+00   1.2212572e+00  -1.3049907e+00  -1.2558011e+00   8.8681371e-02
   2.0000000e+00  -1.1075410e+00  -1.2778723e+00   1.5178475e-01   9.3193577e-01  -4.1983358e-01   7.8314336e-01   1.7086621e+00   5.5426494e-03  -7.5436564e-01   5.3880995e-01
   1.0000000e+00   1.6323863e-01  -7.5865401e-02   1.7064836e-01   7.6138563e-01   1.0995188e+00  -8.3934317e-01  -5.0022071e-01   8.7482146e-03   5.6137501e-01   7.2583025e-01
   2.0000000e+00   1.6024027e+00  -1.8824111e+00  -1.4720717e+00  -2.1489529e+00  -3.7423954e-01   7.0779744e-01  -5.5592468e-01   1.7748729e+00   2.2407581e+00  -3.3698159e-01
   2.0000000e+00  -2.2875560e-01   5.7283817e-01  -8.7157510e-01  -7.9236464e-01  -4.9199769e-02  -2.4695893e+00   1.9069849e+00  -1.1020509e+00   4.5273075e-01   3.3828294e-01
   2.0000000e+00  -5.1244003e-01   2.2738845e+00   1.0142036e+00   1.4695711e+00   6.4723644e-01  -8.4633341e-01  -3.3474633e-01   1.4159964e+00   8.7238429e-01  -2.3295255e-01
   2.0000000e+00   7.2004117e-01   1.4522168e+00   1.3819505e-01  -8.9622807e-02  -2.5554156e+00  -2.0116981e+00   1.1986490e+00  -2.1892285e+00   2.5389165e+00  -8.3504440e-01
   2.0000000e+00  -6.8220400e-01  -2.1639954e+00   2.6672118e-01  -1.1157794e+00  -1.6850244e+00   4.2521873e-01   6.3952828e-01   1.0827772e+00   4.5328429e-01   1.9652091e-01
   2.0000000e+00  -1.8790777e-01  -4.5159352e-01   9.2653420e-01  -4.2383962e-01  -1.2569152e+00   6.8927407e-01   1.6429542e+00   5.5304840e-01   5.3448927e-01  -1.3587231e+00
   2.0000000e+00   2.5466337e-01   6.0447976e-01  -2.1102764e-01  -3.8042489e-01  -2.1858525e-01  -6.6288049e-01  -1.1661530e+00   1.7088786e+00  -1.2690312e+00  -8.5493500e-01
   1.0000000e+00  -1.7904487e+00  -4.6921852e-01  -3.9966113e-01   5.5660325e-02  -3.4948810e-01  -3.0282153e-01   3.0716517e-01  -1.6027144e+00   4.3749013e-01  -5.7516531e-01
   2.0000000e+00   4.5741864e-02  -1.7065356e+00  -3.9718232e-01   1.4529850e+00  -8.5414453e-02  -4.8235556e-01  -6.3475190e-01  -5.8855771e-01   9.9519484e-01  -2.0243430e+00
   2.0000000e+00   1.8678234e+00  -6.2849472e-01   4.9705973e-01  -2.2742223e+00   9.4576907e-02   8.5175093e-01  -7.9165066e-01  -6.6411061e-01   1.5415004e+00  -1.3317660e-01
   2.0000000e+00   8.6155028e-01   4.0541618e-01   1.2447134e+00   1.0022083e+00   1.7241712e-01   1.5131604e+00   2.2741871e-01  -1.6084975e+00  -9.5155468e-01  -3.8128105e-01
   2.0000000e+00   9.6490649e-01  -1.0340021e+00   7.4339316e-01   6.2999856e-01   1.5590802e-01  -2.7565587e-01  -1.9062215e+00  -7.3353028e-01  -5.2280130e-01   1.1418689e+00
   2.0000000e+00   1.9758323e+00   3.9120658e-01  -1.0807764e+00  -8.0781690e-01   4.8666520e-01  -5.5462712e-01   4.3380853e-01   3.6052034e-01   1.4534002e+00  -1.4096421e+00
   2.0000000e+00  -2.4185295e-01  -6.0569881e-01   2.1101309e+00  -5.7185579e-01   4.7210228e-03  -6.0158858e-01   2.2650502e+00   8.3707434e-01  -9.4622829e-01   1.6688050e+00
   2.0000000e+00  -1.0958152e+00   1.6097417e+00  -4.6838231e-01   8.6287520e-01  -9.2427506e-02   6.9287207e-01   5.1137074e-01   2.8316929e-01  -1.4605262e+00   1.4253836e+00
   2.0000000e+00  -1.1521497e+00   8.1920193e-01   2.7501287e+00   2.4589945e-01   5.9516556e-01   9.2527500e-01   1.1972145e+00   3.9717865e-01  -2.7713782e-01  -4.8723641e-01
   2.0000000e+00  -1.8948642e+00  -3.7262469e-01   1.4573364e+00   6.1433636e-01   3.0297446e-01   2.6825380e-01  -9.4187735e-01   1.4062713e+00   5.8648509e-01  -2.1911986e+00
   2.0000000e+00  -5.7566737e-01   1.5389239e+00  -7.5150731e-01  -1.4578899e-02  -8.4046653e-01  -2.4793618e-01  -9.3595762e-01  -7.2548272e-01  -1.5327491e-01  -3.0127609e-01
   2.0000000e+00   1.0705968e+00   1.5512231e+00  -1.1293003e+00  -2.1428749e+00   7.3427283e-01   1.0098893e+00   1.7029932e+00   6.2941693e-02  -9.0590877e-01   6.3179282e-01
   2.0000000e+00  -2.2766462e+00   2.9909106e-01   2.6405531e-01   1.2581085e+00   3.1451522e-01   1.2503815e+00   1.4342195e+00   1.0962420e-01   1.5622674e+00  -9.2672852e-01
   2.0000000e+00  -5.9731714e-01  -2.9926229e-01   1.6038280e+00   3.0385645e-02   3.2814065e-01   6.5034525e-01   1.2830719e+00   1.2392095e+00   5.0458533e-01  -6.9707495e-01
   2.0000000e+00   1.7558348e+00  -1.0993771e+00   8.1727290e-01  -1.0585387e+00   5.5604073e-01   7.9456040e-01  -7.7954532e-02  -1.6271520e-01   2.0746925e+00   4.5907840e-01
   2.0000000e+00   1.7531673e+00   6.7136109e-01  -8.2817495e-01  -2.0843726e-01   5.0720951e-01   2.2553852e+00   4.1368437e-01   5.1968574e-01   1.1838609e+00  -7.0552781e-02
   2.0000000e+00  -7.8768218e-01   2.0135174e+00  -1.0682844e+00   9.9313569e-01  -2.0843518e-01   5.3862108e-01   2.1801238e-01  -3.6256791e-01  -4.8565690e-01   1.5423109e-02
   2.0000000e+00  -9.8461350e-01   2.6633038e-01  -7.7275329e-01   7.5498130e-01   1.0872753e+00  -4.3875443e-01  -1.2320614e+00   1.1190185e+00  -3.4616459e-01   1.3792156e+00
   2.0000000e+00   4.5014454e-01   1.5872781e+00  -4.9350064e-01   1.1656089e+00   6.8087702e-01  -1.5840092e+00  -3.0097597e-01   9.3049536e-01   1.5239620e+00   5.4517854e-02
   1.0000000e+00   8.9288764e-01   2.5284881e+00  -3.4413012e-01   3.8777658e-01   4.2141271e-01   6.7762771e-01  -6.7437472e-03   5.8298249e-01   3.9092597e-01  -2.7211180e-01
   2.0000000e+00   1.6103948e-01  -1.9470931e+00   1.4998954e+00   1.9171470e-01   3.2849048e-02   8.3846772e-01  -5.4222941e-01  -2.0687945e-01  -1.2881107e+00  -1.0228146e+00
   2.0000000e+00  -2.4719231e-02  -7.8563763e-01  -4.9732688e-01  -2.3113012e+00   8.4651449e-01  -3.7819272e-01   9.8872582e-01  -1.3800622e+00  -1.3446691e+00   2.0157098e+00
   2.0000000e+00  -1.6363336e+00   1.5944129e+00   1.0119889e+00  -2.3857286e-01  -1.8126166e+00   5.7172320e-01  -8.8121700e-01   3.8787938e-01   1.9401422e-01  -3.1088222e-01
   2.0000000e+00  -7.5689293e-01  -2.9787714e-01  -3.1892831e-01  -5.1196470e-02  -4.6313365e-02  -4.5864627e-01   2.8436204e-01   8.0950722e-01   1.3688838e-01   1.6960462e-01
   2.0000000e+00  -1.5393758e+00   1.4946695e+00  -1.4951588e-01  -4.9319912e-01  -2.0616669e+00  -5.5033489e-01  -8.1252530e-02  -2.6246162e-01  -5.6359477e-02  -1.4581163e+00
   2.0000000e+00  -1.7682804e+00  -9.9204113e-01   2.5872768e+00  -1.3132199e+00   2.9174964e-01  -2.5292558e-03   9.3288233e-01  -7.7181679e-01   8.5185275e-01   2.0658089e+00
   2.0000000e+00  -5.8916975e-01  -1.0917667e-01   7.3365447e-01   1.4976749e+00   9.8565907e-01   4.0174039e-01   1.2261119e+00  -1.4512970e+00   1.9989623e-01  -3.9356909e-02
   1.0000000e+00   1.6974555e-01  -1.4477542e+00   3.6836693e-01   2.2957376e-01  -3.6577173e-01  -5.1889047e-01   6.6966916e-01  -1.3857218e-01  -7.7474635e-01  -3.8658630e-02
   2.0000000e+00  -4.7375051e-01  -1.7804554e-01  -1.3980743e+00   1.3651637e-01  -4.0540800e-01   1.4216992e+00  -1.7052556e+00   9.8435588e-01  -8.2305232e-01   1.1211549e-01
   2.0000000e+00  -1.1596738e+00   1.8000578e-01   6.9030364e-01  -7.1088332e-01   1.2772184e+00   1.5108386e-01   1.1201896e+00  -2.2006045e-01  -3.3088932e-01  -5.6513672e-01
   2.0000000e+00   1.5781581e+00  -7.4436782e-02  -2.2659190e+00   4.4069618e-01  -6.5232982e-01  -1.1648911e+00   5.2090869e-01   1.4335169e-01  -1.8334469e-01  -2.9929357e-01
   1.0000000e+00   1.2426813e+00  -1.2031892e+00  -3.1787959e-02   6.3223534e-01   2.9397196e-02   6.3671945e-01   1.2701953e+00   1.2312916e+00   1.6458721e+00  -6.0097890e-02
   2.0000000e+00  -7.3593832e-01   4.6909556e-01  -6.2966964e-01  -1.1854215e+00   1.5956251e+00  -7.3072780e-01  -1.5102932e+00   1.6052905e+00   3.1235927e-03   7.4196315e-01
   2.0000000e+00   1.4474191e+00   1.1027758e+00  -4.1154857e-01  -8.2522010e-01   3.1119230e-01  -1.9253676e-01   7.2811233e-02  -5.9786545e-01   1.0989723e+00  -1.3732649e+00
   2.0000000e+00   1.7063428e+00  -8.7635423e-01   9.4913877e-01  -4.1667277e-01   9.7403638e-01   6.2381162e-01  -3.8283915e-01   2.3990061e-01  -1.4601538e+00   8.6829560e-02
   2.0000000e+00  -1.2756574e+00  -9.1218775e-01   9.0420579e-01   5.4478654e-01   7.9421156e-01  -1.1630093e+00   5.7950696e-02  -1.7606219e+00   7.2011485e-02   7.0884448e-01
   1.0000000e+00  -1.2981270e+00   1.0095041e-01   2.0073889e-01   6.5821963e-02   5.9844383e-02  -1.3899368e+00   1.9356495e+00   1.0134934e+00   7.3896278e-01   1.3975301e+00
   1.0000000e+00   1.5611551e+00  -3.0491539e+00   4.9216691e-01   1.7666876e-01  -1.0830335e-01  -1.9240564e+00  -1.8399600e+00  -7.2997594e-01   1.6446597e+00  -4.5092161e-02
   2.0000000e+00  -1.4673954e-02  -1.4272327e+00   1.2269710e+00   5.7663360e-01   4.8023931e-01   1.8896710e-01   8.3253713e-01   5.4645171e-01   2.6649580e-01  -5.5048089e-01
   2.0000000e+00  -5.8558038e-01   1.1142894e+00  -1.1221474e+00  -1.5041582e+00  -1.0232243e+00  -5.8153638e-02   5.5276849e-01  -4.1496444e-01  -1.4752427e+00  -1.5393774e-01
   2.0000000e+00   2.8707173e-01  -6.8961695e-02   9.3936546e-01  -1.2988389e+00   1.1235147e-01  -1.6421203e-01  -5.7706131e-02  -7.8503269e-01  -1.0614145e+00  -5.9429856e-01
   2.0000000e+00  -2.2900166e-01   4.4222786e-02   1.3786399e+00  -9.5420608e-01   1.0866747e+00  -1.9871770e+00   1.4332872e-01   7.9320210e-01  -1.7254594e+00  -3.8019803e-01
   1.0000000e+00  -8.3199610e-01  -5.9826914e-01  -5.2897305e-01   6.0362373e-01   9.6093458e-01  -1.5783697e-01   7.6674587e-01   5.0228021e-01  -6.3442374e-01   2.3654559e+00
   2.0000000e+00  -5.9963387e-01  -3.1636037e-01   1.1316455e+00  -2.3944421e-01   3.3038067e-01   9.2657751e-01  -3.2536261e-01  -8.4763203e-01  -1.2970881e-01  -1.9578780e+00
   2.0000000e+00   1.3432594e+00   9.4539571e-01   3.4156474e-01  -1.1667770e+00   1.4712947e-01  -1.2599318e-01  -8.3934920e-01  -2.2267401e-01   1.6009636e-01   2.1368389e+00
   2.0000000e+00   1.0602398e+00  -4.9050031e-01   1.0037865e+00  -9.5201518e-01  -1.4116564e+00   3.0299669e-01   4.3490265e-01   1.7624357e-01   5.3246010e-01  -3.8530616e-01
   1.0000000e+00  -2.8530632e-01   1.9561049e-01   9.9437949e-02   1.5146677e-01  -2.8083398e-01  -9.7507976e-01   4.5184587e-01   1.1518035e+00  -1.6482187e-01  -1.8014031e+00
   2.0000000e+00   6.1662436e-03  -2.2592902e-01   2.2902798e-01   1.3760080e+00   1.7390227e+00   1.6570910e+00  -7.4229048e-01  -1.8268507e+00  -3.9590255e-01  -8.8583510e-02
   1.0000000e+00  -2.2043108e+00   5.6377437e-01  -5.2007502e-01   2.8292354e-01   3.6606683e-01  -6.3260735e-01  -1.7756799e+00   1.3121876e-01  -8.1321934e-02  -3.8631896e-01
   2.0000000e+00   4.8083374e-01   1.8941242e-01   4.1993247e-01  -1.1621440e+00  -1.1096054e+00   8.8586465e-01   1.4303161e+00   5.3970147e-01   1.8747566e+00   6.8691741e-01
   2.0000000e+00  -1.0870188e+00  -8.7190776e-01   2.9098333e-01  -7.3626291e-01  -1.3568224e+00   2.9979968e-01   1.0120244e-02  -6.6943587e-01   1.1170505e+00  -5.3976696e-01
   2.0000000e+00   5.7407985e-01   4.7189477e-01  -1.4464309e+00  -4.6952531e-02   2.2115233e-01  -7.3620233e-01   9.1165385e-01   1.2102264e+00   2.3948007e-01   2.6135438e-01
   2.0000000e+00   8.8032693e-01  -1.3564510e+00  -7.8526710e-02  -7.5826809e-01   8.2921484e-01   1.9132814e-01  -1.3228516e-01   1.3224508e-01  -1.4657825e+00  -8.4954895e-01
   2.0000000e+00   7.3691996e-01   2.9843295e-01  -9.9730548e-01  -5.6423053e-01   8.6085395e-01   2.8687686e-01   6.4821195e-01   1.0521044e+00  -1.7691863e-01   4.7315286e-01
   1.0000000e+00   8.7522834e-01  -1.0453493e+00   4.8473060e-01   1.7921812e-01  -2.7168501e-01   7.9241841e-02   1.0029454e+00   3.1575871e-01  -9.9339689e-01   1.5798075e+00
   2.0000000e+00   1.0671108e-01   1.9213852e-03  -9.4478974e-01  -3.0584261e-02  -5.9920229e-01  -4.4891606e-01  -1.2780486e-01  -5.2269503e-01  -9.7717662e-01  -1.4417447e+00
   2.0000000e+00  -1.2783287e+00   7.5503799e-01  -7.6861626e-01   5.6544248e-01   5.7946210e-01   1.0512175e+00  -6.8306328e-01  -2.4985479e-01  -1.5851377e+00   9.5592400e-01
   2.0000000e+00   1.4896400e+00   1.5480916e+00   3.0091015e-02   1.8769162e+00  -5.5867194e-01  -9.4720682e-01  -1.1966273e-01  -5.5020247e-01  -4.4652292e-02  -1.2708820e+00
   2.0000000e+00   9.3256893e-01   5.7615399e-01  -3.5811700e+00   1.5718432e+00   1.3973647e+00   1.0223282e+00   2.9684315e-01   7.5403883e-01   3.0948537e-01   1.6192419e-01
   1.0000000e+00   2.1658707e-01  -7.5700613e-02   1.0505081e-01   4.0102234e-01   5.9026450e-01  -2.1001208e+00   3.8172299e-01   6.3162619e-01   1.6904619e+00  -1.4216599e+00
   2.0000000e+00   1.8437474e+00  -1.2822884e+00  -9.9861135e-01   7.7595086e-01   1.6824009e+00   1.1941738e+00  -1.2132022e+00   1.7863847e+00  -2.5084014e+00  -1.8182334e+00
   2.0000000e+00  -2.8696904e-01  -1.5604149e+00   6.9407180e-02   1.8479357e+00   1.0389939e+00   4.0109302e-01   6.6944091e-01   7.7952265e-02  -4.1169887e-01  -2.3254879e-02
   1.0000000e+00   1.3035051e+00  -6.3775294e-01   6.3453550e-01   5.8586933e-01  -8.7609297e-02  -1.2214184e+00  -7.8460088e-01   3.7755962e-01   3.5920909e-01  -1.0793712e+00
   2.0000000e+00   4.1484900e-01  -1.0230217e+00  -4.0362342e-01  -2.6452192e-01   4.1209979e-01  -3.1680598e-01   8.9019405e-01   2.5835050e-01   8.8783661e-01   4.0401311e-01
   2.0000000e+00  -3.5150878e-01   6.1395345e-01   7.0079472e-01  -6.3099684e-01  -1.2295599e+00   1.6851218e+00  -1.1168661e+00   4.3486108e-01  -1.6536908e-01   8.4036654e-01
   2.0000000e+00  -3.4058984e-01  -3.8859758e-01   1.7398061e+00   1.7369494e-03   2.8075491e-01  -2.6885026e+00   1.6395708e+00  -5.6720683e-01   1.4116534e+00  -1.8455051e-01
   1.0000000e+00   7.5958537e-01   3.8679820e-01  -6.9021665e-01   5.3335763e-01  -2.9131991e-01  -1.4179746e+00  -6.1308169e-02  -4.3191046e-02   3.1238027e-01  -1.9301395e+00
   2.0000000e+00  -4.9110518e-01  -2.1432319e+00  -6.1976040e-01  -7.9516005e-01  -2.9506326e-01   5.8181428e-01   1.6550108e-01   4.2624528e-01   2.2890326e+00   4.5295407e-01
   2.0000000e+00   8.6194083e-01   1.2768195e+00  -2.0907673e-02  -1.1833695e+00   1.3099969e+00   6.7063957e-01   5.3931363e-01   1.4720871e+00   1.0424097e+00   6.5262105e-01
   1.0000000e+00   3.0796603e-01   1.6720080e-01  -6.3150724e-01   3.6946123e-01  -2.8716604e+00  -2.4995894e-01   5.6081075e-01  -1.5165108e+00  -1.2032391e+00  -6.5080620e-01
   2.0000000e+00   2.6781260e+00   1.0721335e-01  -5.1423803e-02   1.7174832e+00   2.5033081e-01  -9.8951307e-01  -9.0909344e-02   1.5760344e+00   6.7786263e-01  -1.3294170e+00
   1.0000000e+00  -8.6437362e-01  -6.9471615e-01   5.7293800e-01   2.0886595e-01  -4.1103950e-01  -1.2972713e+00  -3.2858408e-02  -1.7187720e-01   4.8261560e-01   3.0701809e-01
   2.0000000e+00   2.5606927e-01   9.9456391e-01   6.4131183e-01  -7.8355621e-01   3.6090082e-01   2.1804444e+00   4.5257119e-01   2.5211557e-01   1.5809523e+00  -5.1256374e-01
   2.0000000e+00  -9.4615323e-01   4.8961884e-02  -3.1227112e-02  -4.0156953e-01  -6.3689262e-01   1.0617261e+00   5.8610670e-01   3.7164812e-01   6.0023594e-02  -1.2836130e+00
   2.0000000e+00   5.0128597e-01  -1.4742082e+00  -2.7900073e-02  -2.9011966e-02  -1.2992310e+00   4.5625165e-01   8.2619795e-02   1.4661727e+00  -6.6239226e-01  -7.3999649e-02
   2.0000000e+00  -2.2366652e+00  -1.0286033e+00   1.6374749e-01   1.3928562e+00   1.2715220e+00  -6.6039653e-02  -1.5438517e+00  -4.1264036e-01  -4.1587796e-01  -1.9066606e-01
